Time(sec)   Acceleration (m/s/s)
0	0.0024346566
0.03906	0.0024349123
0.07812	0.0024345164
0.11718	0.0024334689
0.15624	0.0024317736
0.1953	0.0024294287
0.23436	0.0024264364
0.27342	0.0024227994
0.31248	0.002418517
0.35154	0.0024135896
0.3906	0.0024080187
0.42966	0.0024018019
0.46872	0.00239494
0.50778	0.0023874302
0.54684	0.0023792744
0.5859	0.0023704683
0.62496	0.0023610153
0.66402	0.0023509146
0.70308	0.0023401669
0.74214	0.0023287761
0.7812	0.0023167441
0.82026	0.002304073
0.85932	0.0022907654
0.89838	0.0022768265
0.93744	0.0022622573
0.9765	0.0022470643
1.01556	0.0022312526
1.05462	0.0022148278
1.09368	0.0021977985
1.13274	0.0021801704
1.1718	0.0021619529
1.21086	0.0021431516
1.24992	0.0021237753
1.28898	0.00210383
1.32804	0.0020833203
1.3671	0.0020622543
1.40616	0.0020406351
1.44522	0.0020184718
1.48428	0.0019957692
1.52334	0.0019725329
1.5624	0.0019487687
1.60146	0.0019244858
1.64052	0.0018996884
1.67958	0.001874386
1.71864	0.0018485846
1.7577	0.0018222934
1.79676	0.0017955196
1.83582	0.0017682727
1.87488	0.0017405604
1.91394	0.0017123868
1.953	0.0016837617
1.99206	0.00165469
2.03112	0.0016251788
2.07018	0.0015952362
2.10924	0.0015648687
2.1483	0.0015340837
2.18736	0.0015028893
2.22642	0.001471294
2.26548	0.0014393051
2.30454	0.001406935
2.3436	0.001374192
2.38266	0.001341089
2.42172	0.0013076392
2.46078	0.0012738538
2.49984	0.001239745
2.5389	0.0012053218
2.57796	0.0011705939
2.61702	0.0011355726
2.65608	0.0011002665
2.69514	0.0010646863
2.7342	0.0010288421
2.77326	9.927464E-4
2.81232	9.5641072E-4
2.85138	9.1984751E-4
2.89044	8.8306868E-4
2.9295	8.4608452E-4
2.96856	8.0890861E-4
3.00762	7.7155359E-4
3.04668	7.3402862E-4
3.08574	6.9634408E-4
3.1248	6.5850819E-4
3.16386	6.20528E-4
3.20292	5.8241153E-4
3.24198	5.441653E-4
3.28104	5.0579881E-4
3.3201	4.6731764E-4
3.35916	4.287319E-4
3.39822	3.9004825E-4
3.43728	3.512769E-4
3.47634	3.1242385E-4
3.5154	2.7349796E-4
3.55446	2.3450706E-4
3.59352	1.9546164E-4
3.63258	1.5636877E-4
3.67164	1.172373E-4
3.7107	7.8076383E-5
3.74976	3.8895702E-5
3.78882	-2.9708511E-7
3.82788	-3.9490681E-5
3.86694	-7.8672404E-5
3.906	-1.1783191E-4
3.94506	-1.5695747E-4
3.98412	-1.9603723E-4
4.02318	-2.3505832E-4
4.06224	-2.7400953E-4
4.1013	-3.1287685E-4
4.14036	-3.5164855E-4
4.17942	-3.9030917E-4
4.21848	-4.2884628E-4
4.25754	-4.6724374E-4
4.2966	-5.0548639E-4
4.33566	-5.4355967E-4
4.37472	-5.8144843E-4
4.41378	-6.1913838E-4
4.45284	-6.5661345E-4
4.4919	-6.9386045E-4
4.53096	-7.3086687E-4
4.57002	-7.6761691E-4
4.60908	-8.040964E-4
4.64814	-8.4029343E-4
4.6872	-8.7619068E-4
4.72626	-9.117757E-4
4.76532	-9.4703466E-4
4.80438	-9.8195515E-4
4.84344	-0.001016527
4.8825	-0.0010507392
4.92156	-0.0010845834
4.96062	-0.001118051
4.99968	-0.0011511332
5.03874	-0.0011838189
5.0778	-0.0012160991
5.11686	-0.0012479628
5.15592	-0.0012793999
5.19498	-0.0013103983
5.23404	-0.0013409479
5.2731	-0.00137104
5.31216	-0.0014006655
5.35122	-0.0014298146
5.39028	-0.0014584809
5.42934	-0.0014866564
5.4684	-0.0015143332
5.50746	-0.0015415059
5.54652	-0.0015681645
5.58558	-0.0015943039
5.62464	-0.0016199138
5.6637	-0.0016449888
5.70276	-0.0016695193
5.74182	-0.0016934995
5.78088	-0.0017169239
5.81994	-0.0017397858
5.859	-0.0017620789
5.89806	-0.0017837982
5.93712	-0.0018049434
5.97618	-0.0018255107
6.01524	-0.0018454991
6.0543	-0.0018649061
6.09336	-0.0018837328
6.13242	-0.0019019778
6.17148	-0.0019196395
6.21054	-0.0019367191
6.2496	-0.0019532185
6.28866	-0.0019691365
6.32772	-0.0019844733
6.36678	-0.001999229
6.40584	-0.0020134031
6.4449	-0.0020269949
6.48396	-0.002040003
6.52302	-0.0020524285
6.56208	-0.0020642724
6.60114	-0.0020755357
6.6402	-0.0020862206
6.67926	-0.0020963284
6.71832	-0.0021058603
6.75738	-0.0021148201
6.79644	-0.0021232086
6.8355	-0.0021310241
6.87456	-0.0021382705
6.91362	-0.0021449456
6.95268	-0.0021510525
6.99174	-0.0021565911
7.0308	-0.002161563
7.06986	-0.0021659697
7.10892	-0.0021698137
7.14798	-0.0021730951
7.18704	-0.002175814
7.2261	-0.0021779705
7.26516	-0.0021795653
7.30422	-0.0021805998
7.34328	-0.0021810754
7.38234	-0.002180992
7.4214	-0.0021803512
7.46046	-0.0021791539
7.49952	-0.0021774033
7.53858	-0.0021751025
7.57764	-0.0021722543
7.6167	-0.002168862
7.65576	-0.002164928
7.69482	-0.0021604571
7.73388	-0.0021554506
7.77294	-0.0021499117
7.812	-0.0021438404
7.85106	-0.0021372385
7.89012	-0.0021301071
7.92918	-0.0021224471
7.96824	-0.0021142573
8.0073	-0.0021055411
8.04636	-0.0020962965
8.08542	-0.002086525
8.12448	-0.0020762269
8.16354	-0.0020653991
8.2026	-0.0020540422
8.24166	-0.0020421537
8.28072	-0.0020297329
8.31978	-0.0020167797
8.35884	-0.0020032916
8.3979	-0.001989274
8.43696	-0.0019747251
8.47602	-0.001959643
8.51508	-0.0019440311
8.55414	-0.0019278909
8.5932	-0.0019112209
8.63226	-0.0018940265
8.67132	-0.0018763079
8.71038	-0.001858067
8.74944	-0.001839309
8.7885	-0.0018200361
8.82756	-0.0018002517
8.86662	-0.0017799574
8.90568	-0.001759159
8.94474	-0.0017378586
8.9838	-0.0017160601
9.02286	-0.0016937659
9.06192	-0.0016709802
9.10098	-0.0016477066
9.14004	-0.0016239465
9.1791	-0.0015997016
9.21816	-0.0015749736
9.25722	-0.001549764
9.29628	-0.001524076
9.33534	-0.0014979134
9.3744	-0.0014712806
9.41346	-0.0014441822
9.45252	-0.0014166284
9.49158	-0.0013886228
9.53064	-0.0013601727
9.5697	-0.0013312865
9.60876	-0.0013019703
9.64782	-0.0012722276
9.68688	-0.0012420637
9.72594	-0.0012114867
9.765	-0.0011805003
9.80406	-0.0011491111
9.84312	-0.001117327
9.88218	-0.0010851518
9.92124	-0.0010525962
9.9603	-0.001019663
9.99936	-9.8636007E-4
10.03842	-9.5269649E-4
10.07748	-9.1868082E-4
10.11654	-8.8431954E-4
10.1556	-8.4962311E-4
10.19466	-8.1460102E-4
10.23372	-7.79263E-4
10.27278	-7.4361662E-4
10.31184	-7.0767136E-4
10.3509	-6.7143806E-4
10.38996	-6.349244E-4
10.42902	-5.9814198E-4
10.46808	-5.6109785E-4
10.50714	-5.2380411E-4
10.5462	-4.8627036E-4
10.58526	-4.4850734E-4
10.62432	-4.1052387E-4
10.66338	-3.7233179E-4
10.70244	-3.3394121E-4
10.7415	-2.9536251E-4
10.78056	-2.5660745E-4
10.81962	-2.1769204E-4
10.85868	-1.7862883E-4
10.89774	-1.3943513E-4
10.9368	-1.0012611E-4
10.97586	-6.0718468E-5
11.01492	-2.1226447E-5
11.05398	1.8333809E-5
11.09304	5.7945383E-5
11.1321	9.7594021E-5
11.17116	1.3726411E-4
11.21022	1.7694028E-4
11.24928	2.1660638E-4
11.28834	2.5624766E-4
11.3274	2.958507E-4
11.36646	3.3540036E-4
11.40552	3.7487896E-4
11.44458	4.1426557E-4
11.48364	4.5354751E-4
11.5227	4.9270362E-4
11.56176	5.3171715E-4
11.60082	5.7057051E-4
11.63988	6.0924511E-4
11.67894	6.4772328E-4
11.718	6.8598619E-4
11.75706	7.2401764E-4
11.79612	7.6180251E-4
11.83518	7.9932619E-4
11.87424	8.3657321E-4
11.9133	8.7352955E-4
11.95236	9.1018434E-4
11.99142	9.4652049E-4
12.03048	9.8252597E-4
12.06954	0.0010181894
12.1086	0.0010534942
12.14766	0.0010884295
12.18672	0.0011229808
12.22578	0.0011571377
12.26484	0.0011908851
12.3039	0.0012242137
12.34296	0.0012571102
12.38202	0.0012895645
12.42108	0.0013215674
12.46014	0.0013531054
12.4992	0.00138417
12.53826	0.0014147517
12.57732	0.0014448398
12.61638	0.0014744237
12.65544	0.0015034969
12.6945	0.0015320488
12.73356	0.0015600739
12.77262	0.001587565
12.81168	0.0016145135
12.85074	0.0016409137
12.8898	0.0016667582
12.92886	0.0016920447
12.96792	0.0017167665
13.00698	0.0017409193
13.04604	0.0017645006
13.0851	0.0017875058
13.12416	0.0018099344
13.16322	0.0018317851
13.20228	0.0018530579
13.24134	0.0018737516
13.2804	0.0018938674
13.31946	0.0019134055
13.35852	0.0019323657
13.39758	0.001950749
13.43664	0.0019685554
13.4757	0.0019857878
13.51476	0.0020024472
13.55382	0.0020185344
13.59288	0.0020340527
13.63194	0.002049002
13.671	0.0020633841
13.71006	0.0020772023
13.74912	0.0020904555
13.78818	0.002103147
13.82724	0.0021152783
13.8663	0.0021268494
13.90536	0.0021378616
13.94442	0.002148318
13.98348	0.0021582185
14.02254	0.0021675641
14.0616	0.0021763569
14.10066	0.0021845959
14.13972	0.0021922815
14.17878	0.0021994162
14.21784	0.0022060031
14.2569	0.002212043
14.29596	0.0022175353
14.33502	0.0022224867
14.37408	0.002226893
14.41314	0.0022307597
14.4522	0.0022340874
14.49126	0.0022368774
14.53032	0.0022391304
14.56938	0.0022408491
14.60844	0.0022420361
14.6475	0.0022426926
14.68656	0.0022428204
14.72562	0.0022424242
14.76468	0.0022415045
14.80374	0.0022400606
14.8428	0.0022380946
14.88186	0.0022356048
14.92092	0.0022325903
14.95998	0.0022290523
14.99904	0.0022249879
15.0381	0.0022204007
15.07716	0.0022152894
15.11622	0.0022096549
15.15528	0.0022034981
15.19434	0.0021968213
15.2334	0.0021896272
15.27246	0.002181917
15.31152	0.0021736924
15.35058	0.002164954
15.38964	0.0021557064
15.4287	0.0021459481
15.46776	0.0021356836
15.50682	0.0021249104
15.54588	0.0021136344
15.58494	0.0021018565
15.624	0.0020895787
15.66306	0.0020768049
15.70212	0.0020635368
15.74118	0.0020497742
15.78024	0.0020355219
15.8193	0.0020207801
15.85836	0.0020055503
15.89742	0.0019898329
15.93648	0.0019736334
15.97554	0.0019569527
16.0146	0.001939793
16.05366	0.0019221587
16.09272	0.0019040517
16.13178	0.0018854739
16.17084	0.0018664272
16.2099	0.0018469111
16.24896	0.0018269276
16.28802	0.0018064773
16.32708	0.0017855649
16.36614	0.0017641905
16.4052	0.0017423588
16.44426	0.0017200724
16.48332	0.001697336
16.52238	0.0016741513
16.56144	0.0016505247
16.6005	0.0016264588
16.63956	0.0016019574
16.67862	0.0015770261
16.71768	0.0015516681
16.75674	0.0015258883
16.7958	0.0014996898
16.83486	0.0014730757
16.87392	0.0014460506
16.91298	0.0014186166
16.95204	0.0013907798
16.9911	0.001362543
17.03016	0.0013339104
17.06922	0.0013048842
17.10828	0.0012754714
17.14734	0.0012456765
17.1864	0.0012155042
17.22546	0.0011849629
17.26452	0.0011540569
17.30358	0.0011227917
17.34264	0.0010911743
17.3817	0.0010592067
17.42076	0.001026898
17.45982	9.9425123E-4
17.49888	9.6127121E-4
17.53794	9.2796549E-4
17.577	8.9433855E-4
17.61606	8.6039681E-4
17.65512	8.2614368E-4
17.69418	7.9158794E-4
17.73324	7.5673632E-4
17.7723	7.2159702E-4
17.81136	6.8617992E-4
17.85042	6.5049629E-4
17.88948	6.1455577E-4
17.92854	5.7837379E-4
17.9676	5.4196007E-4
18.00666	5.0532447E-4
18.04572	4.6847933E-4
18.08478	4.3143771E-4
18.12384	3.9421113E-4
18.1629	3.56813E-4
18.20196	3.1925784E-4
18.24102	2.8155612E-4
18.28008	2.4372596E-4
18.31914	2.0577787E-4
18.3582	1.677273E-4
18.39726	1.2958896E-4
18.43632	9.1375936E-5
18.47538	5.310034E-5
18.51444	1.4775426E-5
18.5535	-2.3586298E-5
18.59256	-6.1968511E-5
18.63162	-1.0035872E-4
18.67068	-1.3874006E-4
18.70974	-1.7709917E-4
18.7488	-2.1542064E-4
18.78786	-2.5368779E-4
18.82692	-2.9188781E-4
18.86598	-3.300046E-4
18.90504	-3.6802453E-4
18.9441	-4.0593338E-4
18.98316	-4.4371874E-4
19.02222	-4.8136634E-4
19.06128	-5.1886253E-4
19.10034	-5.5619478E-4
19.1394	-5.9334865E-4
19.17846	-6.3030932E-4
19.21752	-6.6706253E-4
19.25658	-7.035963E-4
19.29564	-7.3989351E-4
19.3347	-7.7593891E-4
19.37376	-8.1171711E-4
19.41282	-8.4721331E-4
19.45188	-8.8241336E-4
19.49094	-9.1730459E-4
19.53	-9.518683E-4
19.56906	-9.8609198E-4
19.60812	-0.0010199628
19.64718	-0.0010534674
19.68624	-0.0010865926
19.7253	-0.0011193267
19.76436	-0.0011516593
19.80342	-0.0011835785
19.84248	-0.0012150731
19.88154	-0.001246131
19.9206	-0.0012767449
19.95966	-0.0013069039
19.99872	-0.0013366019
20.03778	-0.0013658306
20.07684	-0.0013945801
20.1159	-0.001422842
20.15496	-0.0014506104
20.19402	-0.0014778775
20.23308	-0.0015046342
20.27214	-0.0015308768
20.3112	-0.0015565998
20.35026	-0.0015817987
20.38932	-0.0016064677
20.42838	-0.0016306042
20.46744	-0.0016542036
20.5065	-0.0016772628
20.54556	-0.0016997789
20.58462	-0.0017217488
20.62368	-0.0017431715
20.66274	-0.0017640461
20.7018	-0.0017843671
20.74086	-0.0018041373
20.77992	-0.0018233499
20.81898	-0.0018420038
20.85804	-0.0018600965
20.8971	-0.0018776261
20.93616	-0.0018945888
20.97522	-0.0019109833
21.01428	-0.0019268061
21.05334	-0.0019420556
21.0924	-0.0019567294
21.13146	-0.0019708257
21.17052	-0.0019843434
21.20958	-0.0019972789
21.24864	-0.0020096308
21.2877	-0.0020213964
21.32676	-0.0020325762
21.36582	-0.0020431688
21.40488	-0.0020531736
21.44394	-0.0020625912
21.483	-0.0020714211
21.52206	-0.0020796657
21.56112	-0.0020873261
21.60018	-0.0020944052
21.63924	-0.0021009065
21.6783	-0.0021068303
21.71736	-0.0021121776
21.75642	-0.0021169497
21.79548	-0.0021211471
21.83454	-0.0021247709
21.8736	-0.0021278226
21.91266	-0.002130305
21.95172	-0.0021322177
21.99078	-0.0021335632
22.02984	-0.002134342
22.0689	-0.0021345523
22.10796	-0.0021341963
22.14702	-0.0021332743
22.18608	-0.0021317899
22.22514	-0.0021297427
22.2642	-0.0021271367
22.30326	-0.0021239723
22.34232	-0.0021202549
22.38138	-0.0021159839
22.42044	-0.0021111615
22.4595	-0.0021057906
22.49856	-0.0020998717
22.53762	-0.002093405
22.57668	-0.0020863933
22.61574	-0.0020788391
22.6548	-0.0020707416
22.69386	-0.002062104
22.73292	-0.002052929
22.77198	-0.0020432172
22.81104	-0.0020329714
22.8501	-0.0020221944
22.88916	-0.0020108874
22.92822	-0.0019990538
22.96728	-0.0019866964
23.00634	-0.0019738165
23.0454	-0.001960418
23.08446	-0.0019465063
23.12352	-0.0019320835
23.16258	-0.0019171562
23.20164	-0.0019017271
23.2407	-0.0018857993
23.27976	-0.0018693746
23.31882	-0.001852457
23.35788	-0.0018350459
23.39694	-0.0018171426
23.436	-0.0017987524
23.47506	-0.0017798707
23.51412	-0.0017605037
23.55318	-0.0017406486
23.59224	-0.0017203087
23.6313	-0.0016994846
23.67036	-0.0016781787
23.70942	-0.0016563942
23.74848	-0.0016341291
23.78754	-0.0016113888
23.8266	-0.0015881724
23.86566	-0.0015644832
23.90472	-0.0015403225
23.94378	-0.0015156945
23.98284	-0.0014906009
24.0219	-0.0014650466
24.06096	-0.0014390367
24.10002	-0.0014125732
24.13908	-0.0013856612
24.17814	-0.0013583033
24.2172	-0.0013305046
24.25626	-0.0013022706
24.29532	-0.001273604
24.33438	-0.0012445105
24.37344	-0.0012149975
24.4125	-0.001185069
24.45156	-0.0011547314
24.49062	-0.0011239891
24.52968	-0.0010928506
24.56874	-0.001061323
24.6078	-0.001029414
24.64686	-9.9713006E-4
24.68592	-9.6448368E-4
24.72498	-9.3148226E-4
24.76404	-8.9813764E-4
24.8031	-8.6445843E-4
24.84216	-8.3045466E-4
24.88122	-7.961365E-4
24.92028	-7.6151781E-4
24.95934	-7.2660614E-4
24.9984	-6.9141479E-4
25.03746	-6.5595448E-4
25.07652	-6.2023602E-4
25.11558	-5.8427285E-4
25.15464	-5.4807606E-4
25.1937	-5.1165874E-4
25.23276	-4.7503591E-4
25.27182	-4.3822162E-4
25.31088	-4.0123023E-4
25.34994	-3.6407247E-4
25.389	-3.2676589E-4
25.42806	-2.8932404E-4
25.46712	-2.5175972E-4
25.50618	-2.1408709E-4
25.54524	-1.7632123E-4
25.5843	-1.3847615E-4
25.62336	-1.0056445E-4
25.66242	-6.2599681E-5
25.70148	-2.4597936E-5
25.74054	1.3429319E-5
25.7796	5.1465677E-5
25.81866	8.9500762E-5
25.85772	1.2751777E-4
25.89678	1.6550672E-4
25.93584	2.034506E-4
25.9749	2.4133938E-4
26.01396	2.7916023E-4
26.05302	3.1689823E-4
26.09208	3.5454298E-4
26.13114	3.9207947E-4
26.1702	4.2949719E-4
26.20926	4.6678023E-4
26.24832	5.0391598E-4
26.28738	5.4089209E-4
26.32644	5.7769889E-4
26.3655	6.1432012E-4
26.40456	6.5074367E-4
26.44362	6.8695697E-4
26.48268	7.2294729E-4
26.52174	7.5870101E-4
26.5608	7.9420702E-4
26.59986	8.294534E-4
26.63892	8.6442664E-4
26.67798	8.9911557E-4
26.71704	9.3350634E-4
26.7561	9.67586E-4
26.79516	0.0010013429
26.83422	0.0010347639
26.87328	0.001067834
26.91234	0.001100542
26.9514	0.0011328749
26.99046	0.0011648208
27.02952	0.0011963722
27.06858	0.0012275156
27.10764	0.0012582443
27.1467	0.0012885481
27.18576	0.0013184197
27.22482	0.0013478498
27.26388	0.001376829
27.30294	0.0014053516
27.342	0.0014334055
27.38106	0.0014609873
27.42012	0.0014880878
27.45918	0.0015146994
27.49824	0.0015408161
27.5373	0.0015664292
27.57636	0.0015915324
27.61542	0.0016161172
27.65448	0.0016401756
27.69354	0.001663701
27.7326	0.0016866891
27.77166	0.0017091359
27.81072	0.0017310346
27.84978	0.0017523824
27.88884	0.0017731738
27.9279	0.0017934032
27.96696	0.0018130685
28.00602	0.0018321641
28.04508	0.001850688
28.08414	0.0018686359
28.1232	0.0018860061
28.16226	0.001902797
28.20132	0.0019190053
28.24038	0.0019346327
28.27944	0.0019496745
28.3185	0.0019641302
28.35756	0.0019779988
28.39662	0.00199128
28.43568	0.0020039755
28.47474	0.0020160851
28.5138	0.0020276093
28.55286	0.0020385517
28.59192	0.0020489087
28.63098	0.0020586854
28.67004	0.0020678809
28.7091	0.0020764991
28.74816	0.0020845434
28.78722	0.0020920181
28.82628	0.0020989284
28.86534	0.0021052793
28.9044	0.0021110744
28.94346	0.0021163137
28.98252	0.0021210041
29.02158	0.0021251476
29.06064	0.0021287482
29.0997	0.0021318114
29.13876	0.0021343454
29.17782	0.0021363537
29.21688	0.0021378452
29.25594	0.0021388252
29.295	0.0021392993
29.33406	0.0021392707
29.37312	0.0021387462
29.41218	0.0021377269
29.45124	0.0021362142
29.4903	0.0021342121
29.52936	0.0021317204
29.56842	0.0021287402
29.60748	0.0021252737
29.64654	0.0021213228
29.6856	0.0021168901
29.72466	0.0021119793
29.76372	0.0021065894
29.80278	0.0021007266
29.84184	0.0020943909
29.8809	0.0020875868
29.91996	0.0020803197
29.95902	0.002072593
29.99808	0.002064412
30.03714	0.002055777
30.0762	0.0020466934
30.11526	0.0020371621
30.15432	0.0020271904
30.19338	0.0020167776
30.23244	0.0020059289
30.2715	0.0019946462
30.31056	0.0019829315
30.34962	0.0019707878
30.38868	0.0019582158
30.42774	0.001945215
30.4668	0.0019317869
30.50586	0.0019179306
30.54492	0.0019036445
30.58398	0.0018889308
30.62304	0.0018737872
30.6621	0.0018582113
30.70116	0.0018422064
30.74022	0.0018257674
30.77928	0.0018088966
30.81834	0.0017915929
30.8574	0.0017738554
30.89646	0.0017556823
30.93552	0.0017370716
30.97458	0.0017180223
31.01364	0.0016985329
31.0527	0.0016786004
31.09176	0.0016582236
31.13082	0.0016374006
31.16988	0.0016161296
31.20894	0.0015944091
31.248	0.0015722376
31.28706	0.0015496172
31.32612	0.001526545
31.36518	0.0015030217
31.40424	0.001479049
31.4433	0.0014546283
31.48236	0.0014297611
31.52142	0.0014044509
31.56048	0.0013787007
31.59954	0.0013525159
31.6386	0.0013259003
31.67766	0.0012988605
31.71672	0.0012714004
31.75578	0.0012435274
31.79484	0.0012152449
31.8339	0.0011865607
31.87296	0.0011574786
31.91202	0.0011280042
31.95108	0.0010981423
31.99014	0.0010679001
32.0292	0.0010372796
32.06826	0.0010062887
32.10732	9.7492853E-4
32.14638	9.432038E-4
32.18544	9.111227E-4
32.2245	8.7868817E-4
32.26356	8.4590904E-4
32.30262	8.1279162E-4
32.34168	7.7934474E-4
32.38074	7.4557894E-4
32.4198	7.1150728E-4
32.45886	6.7713987E-4
32.49792	6.424894E-4
32.53698	6.0756964E-4
32.57604	5.7239362E-4
32.6151	5.3697311E-4
32.65416	5.0132396E-4
32.69322	4.6546163E-4
32.73228	4.2940407E-4
32.77134	3.9316389E-4
32.8104	3.5676077E-4
32.84946	3.202116E-4
32.88852	2.8353058E-4
32.92758	2.4673761E-4
32.96664	2.0985005E-4
33.0057	1.7288337E-4
33.04476	1.3585683E-4
33.08382	9.879034E-5
33.12288	6.1700468E-5
33.16194	2.4604447E-5
33.201	-1.2478596E-5
33.24006	-4.9531234E-5
33.27912	-8.6535638E-5
33.31818	-1.2347602E-4
33.35724	-1.6033774E-4
33.3963	-1.9710272E-4
33.43536	-2.3375547E-4
33.47442	-2.7028037E-4
33.51348	-3.066617E-4
33.55254	-3.4288101E-4
33.5916	-3.7892507E-4
33.63066	-4.1477826E-4
33.66972	-4.5042413E-4
33.70878	-4.8585034E-4
33.74784	-5.2103845E-4
33.7869	-5.5597621E-4
33.82596	-5.9064957E-4
33.86502	-6.2504434E-4
33.90408	-6.5914745E-4
33.94314	-6.9294762E-4
33.9822	-7.2643097E-4
34.02126	-7.5958777E-4
34.06032	-7.9240528E-4
34.09938	-8.2487069E-4
34.13844	-8.5697543E-4
34.1775	-8.887084E-4
34.21656	-9.2005747E-4
34.25562	-9.510122E-4
34.29468	-9.8156208E-4
34.33374	-0.0010116973
34.3728	-0.0010414105
34.41186	-0.0010706925
34.45092	-0.0010995365
34.48998	-0.0011279347
34.52904	-0.0011558813
34.5681	-0.0011833659
34.60716	-0.0012103842
34.64622	-0.0012369289
34.68528	-0.0012629912
34.72434	-0.0012885681
34.7634	-0.001313655
34.80246	-0.001338245
34.84152	-0.0013623331
34.88058	-0.0013859173
34.91964	-0.0014089909
34.9587	-0.0014315518
34.99776	-0.0014535958
35.03682	-0.0014751214
35.07588	-0.0014961273
35.11494	-0.0015166132
35.154	-0.0015365791
35.19306	-0.0015560234
35.23212	-0.0015749497
35.27118	-0.0015933586
35.31024	-0.0016112504
35.3493	-0.0016286273
35.38836	-0.001645489
35.42742	-0.0016618366
35.46648	-0.0016776707
35.50554	-0.0016929937
35.5446	-0.0017078043
35.58366	-0.001722104
35.62272	-0.0017358957
35.66178	-0.0017491815
35.70084	-0.0017619642
35.7399	-0.0017742459
35.77896	-0.0017860291
35.81802	-0.0017973162
35.85708	-0.0018081095
35.89614	-0.0018184078
35.9352	-0.0018282137
35.97426	-0.0018375287
36.01332	-0.001846352
36.05238	-0.0018546856
36.09144	-0.0018625297
36.1305	-0.0018698821
36.16956	-0.0018767426
36.20862	-0.0018831097
36.24768	-0.0018889838
36.28674	-0.0018943619
36.3258	-0.001899246
36.36486	-0.0019036345
36.40392	-0.0019075279
36.44298	-0.0019109262
36.48204	-0.0019138327
36.5211	-0.0019162457
36.56016	-0.0019181692
36.59922	-0.0019196064
36.63828	-0.0019205595
36.67734	-0.0019210317
36.7164	-0.0019210264
36.75546	-0.0019205482
36.79452	-0.0019195988
36.83358	-0.0019181791
36.87264	-0.001916297
36.9117	-0.0019139513
36.95076	-0.0019111489
36.98982	-0.0019078943
37.02888	-0.0019041888
37.06794	-0.001900037
37.107	-0.0018954413
37.14606	-0.001890404
37.18512	-0.0018849269
37.22418	-0.0018790129
37.26324	-0.0018726636
37.3023	-0.0018658825
37.34136	-0.0018586707
37.38042	-0.0018510308
37.41948	-0.0018429644
37.45854	-0.0018344732
37.4976	-0.001825559
37.53666	-0.0018162215
37.57572	-0.0018064629
37.61478	-0.0017962832
37.65384	-0.0017856839
37.6929	-0.0017746664
37.73196	-0.0017632303
37.77102	-0.0017513762
37.81008	-0.0017391033
37.84914	-0.0017264134
37.8882	-0.0017133054
37.92726	-0.0016997806
37.96632	-0.0016858396
38.00538	-0.0016714846
38.04444	-0.0016567165
38.0835	-0.001641537
38.12256	-0.0016259499
38.16162	-0.0016099567
38.20068	-0.0015935617
38.23974	-0.0015767666
38.2788	-0.0015595717
38.31786	-0.0015419774
38.35692	-0.0015239832
38.39598	-0.0015055889
38.43504	-0.0014867931
38.4741	-0.0014675979
38.51316	-0.0014480027
38.55222	-0.0014280059
38.59128	-0.001407608
38.63034	-0.001386809
38.6694	-0.0013656092
38.70846	-0.0013440079
38.74752	-0.0013220073
38.78658	-0.0012996061
38.82564	-0.001276807
38.8647	-0.0012536095
38.90376	-0.0012300177
38.94282	-0.0012060358
38.98188	-0.0011816677
39.02094	-0.0011569183
39.06	-0.0011317954
39.09906	-0.0011063062
39.13812	-0.0010804551
39.17718	-0.0010542498
39.21624	-0.0010276961
39.2553	-0.0010007994
39.29436	-9.7356594E-4
39.33342	-9.4600319E-4
39.37248	-9.1811638E-4
39.41154	-8.8991262E-4
39.4506	-8.613974E-4
39.48966	-8.3257806E-4
39.52872	-8.0346198E-4
39.56778	-7.7405489E-4
39.60684	-7.4436802E-4
39.6459	-7.1440914E-4
39.68496	-6.8418996E-4
39.72402	-6.5372024E-4
39.76308	-6.2301249E-4
39.80214	-5.9207487E-4
39.8412	-5.60921E-4
39.88026	-5.2956206E-4
39.91932	-4.9800719E-4
39.95838	-4.6626757E-4
39.99744	-4.3435072E-4
40.0365	-4.0226789E-4
40.07556	-3.7003045E-4
40.11462	-3.3764753E-4
40.15368	-3.051294E-4
40.19274	-2.7248409E-4
40.2318	-2.3972462E-4
40.27086	-2.0685953E-4
40.30992	-1.7389885E-4
40.34898	-1.4085564E-4
40.38804	-1.0773966E-4
40.4271	-7.4567621E-5
40.46616	-4.1350409E-5
40.50522	-8.1019787E-6
40.54428	2.5164E-5
40.58334	5.8434745E-5
40.6224	9.1695915E-5
40.66146	1.2493668E-4
40.70052	1.5814355E-4
40.73958	1.9130549E-4
40.77864	2.2440956E-4
40.8177	2.5744751E-4
40.85676	2.90407E-4
40.89582	3.2327823E-4
40.93488	3.5605107E-4
40.97394	3.8871388E-4
41.013	4.2125739E-4
41.05206	4.5367203E-4
41.09112	4.8594615E-4
41.13018	5.1807014E-4
41.16924	5.5003518E-4
41.2083	5.8183185E-4
41.24736	6.1345291E-4
41.28642	6.4489E-4
41.32548	6.7613637E-4
41.36454	7.0718162E-4
41.4036	7.3801857E-4
41.44266	7.6863813E-4
41.48172	7.990311E-4
41.52078	8.2918732E-4
41.55984	8.5909617E-4
41.5989	8.8874846E-4
41.63796	9.1813755E-4
41.67702	9.4725344E-4
41.71608	9.7609011E-4
41.75514	0.0010046407
41.7942	0.0010328991
41.83326	0.0010608587
41.87232	0.0010885154
41.91138	0.0011158604
41.95044	0.0011428901
41.9895	0.0011695975
42.02856	0.0011959776
42.06762	0.0012220229
42.10668	0.0012477297
42.14574	0.0012730943
42.1848	0.0012981075
42.22386	0.0013227629
42.26292	0.0013470551
42.30198	0.0013709796
42.34104	0.0013945296
42.3801	0.0014176985
42.41916	0.0014404818
42.45822	0.0014628739
42.49728	0.0014848725
42.53634	0.0015064673
42.5754	0.0015276594
42.61446	0.0015484405
42.65352	0.0015688056
42.69258	0.0015887491
42.73164	0.001608264
42.7707	0.0016273433
42.80976	0.0016459791
42.84882	0.0016641633
42.88788	0.0016818871
42.92694	0.0016991442
42.966	0.0017159256
43.00506	0.0017322238
43.04412	0.0017480299
43.08318	0.0017633354
43.12224	0.0017781323
43.1613	0.0017924146
43.20036	0.0018061753
43.23942	0.001819408
43.27848	0.0018321094
43.31754	0.0018442716
43.3566	0.0018558934
43.39566	0.0018669689
43.43472	0.0018774963
43.47378	0.0018874733
43.51284	0.0018968992
43.5519	0.0019057725
43.59096	0.0019140911
43.63002	0.0019218535
43.66908	0.00192906
43.70814	0.0019357072
43.7472	0.0019417977
43.78626	0.00194733
43.82532	0.0019523049
43.86438	0.0019567225
43.90344	0.001960583
43.9425	0.001963889
43.98156	0.0019666394
44.02062	0.0019688372
44.05968	0.0019704825
44.09874	0.0019715752
44.1378	0.0019721176
44.17686	0.0019721087
44.21592	0.0019715495
44.25498	0.0019704385
44.29404	0.0019687772
44.3331	0.0019665665
44.37216	0.0019638085
44.41122	0.0019605025
44.45028	0.0019566462
44.48934	0.0019522433
44.5284	0.0019472946
44.56746	0.0019418007
44.60652	0.0019357641
44.64558	0.0019291849
44.68464	0.0019220662
44.7237	0.0019144086
44.76276	0.0019062177
44.80182	0.0018974942
44.84088	0.0018882443
44.87994	0.0018784712
44.919	0.0018681785
44.95806	0.0018573704
44.99712	0.001846048
45.03618	0.0018342135
45.07524	0.0018218702
45.1143	0.0018090206
45.15336	0.0017956667
45.19242	0.0017818124
45.23148	0.0017674623
45.27054	0.0017526167
45.3096	0.0017372817
45.34866	0.0017214612
45.38772	0.0017051603
45.42678	0.0016883841
45.46584	0.0016711381
45.5049	0.0016534277
45.54396	0.001635257
45.58302	0.0016166325
45.62208	0.0015975599
45.66114	0.001578048
45.7002	0.0015581034
45.73926	0.0015377341
45.77832	0.0015169488
45.81738	0.001495756
45.85644	0.001474165
45.8955	0.0014521842
45.93456	0.0014298237
45.97362	0.0014070925
46.01268	0.0013840009
46.05174	0.0013605596
46.0908	0.0013367772
46.12986	0.001312663
46.16892	0.0012882263
46.20798	0.0012634738
46.24704	0.0012384142
46.2861	0.0012130548
46.32516	0.0011874052
46.36422	0.0011614708
46.40328	0.0011352614
46.44234	0.0011087857
46.4814	0.0010820537
46.52046	0.0010550716
46.55952	0.0010278466
46.59858	0.0010003861
46.63764	9.726964E-4
46.6767	9.4478196E-4
46.71576	9.1665239E-4
46.75482	8.8831452E-4
46.79388	8.59777E-4
46.83294	8.310499E-4
46.872	8.0214075E-4
46.91106	7.7306006E-4
46.95012	7.4381333E-4
46.98918	7.144105E-4
47.02824	6.8485653E-4
47.0673	6.5515836E-4
47.10636	6.2532412E-4
47.14542	5.9536029E-4
47.18448	5.652726E-4
47.22354	5.3506947E-4
47.2626	5.047558E-4
47.30166	4.7433951E-4
47.34072	4.4382781E-4
47.37978	4.1322825E-4
47.41884	3.8254884E-4
47.4579	3.5179813E-4
47.49696	3.209854E-4
47.53602	2.9012094E-4
47.57508	2.5921206E-4
47.61414	2.2826866E-4
47.6532	1.9730095E-4
47.69226	1.6631328E-4
47.73132	1.3531985E-4
47.77038	1.0432916E-4
47.80944	7.3353128E-5
47.8485	4.2402032E-5
47.88756	1.1485153E-5
47.92662	-1.9388351E-5
47.96568	-5.020686E-5
48.00474	-8.0961106E-5
48.0438	-1.1164387E-4
48.08286	-1.4224087E-4
48.12192	-1.7274432E-4
48.16098	-2.031424E-4
48.20004	-2.3342828E-4
48.2391	-2.6359377E-4
48.27816	-2.9363413E-4
48.31722	-3.2354045E-4
48.35628	-3.5330774E-4
48.39534	-3.8293204E-4
48.4344	-4.1240485E-4
48.47346	-4.4172119E-4
48.51252	-4.7087636E-4
48.55158	-4.9986455E-4
48.59064	-5.2868036E-4
48.6297	-5.5732079E-4
48.66876	-5.8578053E-4
48.70782	-6.1405421E-4
48.74688	-6.4213874E-4
48.78594	-6.7002849E-4
48.825	-6.9771968E-4
48.86406	-7.2520483E-4
48.90312	-7.5247959E-4
48.94218	-7.7953737E-4
48.98124	-8.0637113E-4
49.0203	-8.3297653E-4
49.05936	-8.5934423E-4
49.09842	-8.8546883E-4
49.13748	-9.1134419E-4
49.17654	-9.3696308E-4
49.2156	-9.6232226E-4
49.25466	-9.8741744E-4
49.29372	-0.0010122425
49.33278	-0.0010367938
49.37184	-0.0010610675
49.4109	-0.0010850582
49.44996	-0.0011087588
49.48902	-0.001132165
49.52808	-0.0011552699
49.56714	-0.0011780661
49.6062	-0.0012005473
49.64526	-0.001222709
49.68432	-0.0012445427
49.72338	-0.0012660443
49.76244	-0.0012872087
49.8015	-0.001308032
49.84056	-0.0013285127
49.87962	-0.0013486463
49.91868	-0.0013684304
49.95774	-0.0013878648
49.9968	-0.0014069457
50.03586	-0.0014256735
50.07492	-0.0014440429
50.11398	-0.0014620507
50.15304	-0.0014796944
50.1921	-0.0014969671
50.23116	-0.0015138662
50.27022	-0.0015303854
50.30928	-0.001546519
50.34834	-0.0015622643
50.3874	-0.0015776146
50.42646	-0.0015925666
50.46552	-0.0016071173
50.50458	-0.0016212627
50.54364	-0.0016349992
50.5827	-0.001648322
50.62176	-0.0016612304
50.66082	-0.0016737192
50.69988	-0.001685787
50.73894	-0.0016974289
50.778	-0.0017086436
50.81706	-0.001719428
50.85612	-0.0017297782
50.89518	-0.0017396899
50.93424	-0.0017491597
50.9733	-0.001758183
51.01236	-0.0017667525
51.05142	-0.0017748641
51.09048	-0.0017825139
51.12954	-0.0017896993
51.1686	-0.0017964171
51.20766	-0.0018026634
51.24672	-0.0018084355
51.28578	-0.0018137302
51.32484	-0.0018185447
51.3639	-0.0018228746
51.40296	-0.0018267191
51.44202	-0.0018300718
51.48108	-0.0018329303
51.52014	-0.0018352888
51.5592	-0.0018371464
51.59826	-0.0018384986
51.63732	-0.0018393432
51.67638	-0.0018396784
51.71544	-0.0018394986
51.7545	-0.0018388032
51.79356	-0.001837589
51.83262	-0.0018358533
51.87168	-0.0018335951
51.91074	-0.0018308123
51.9498	-0.0018275009
51.98886	-0.0018236606
52.02792	-0.0018192905
52.06698	-0.0018143895
52.10604	-0.001808958
52.1451	-0.001802995
52.18416	-0.0017965009
52.22322	-0.0017894768
52.26228	-0.0017819226
52.30134	-0.0017738419
52.3404	-0.0017652359
52.37946	-0.0017561072
52.41852	-0.0017464592
52.45758	-0.001736292
52.49664	-0.0017256121
52.5357	-0.0017144185
52.57476	-0.0017027161
52.61382	-0.0016905062
52.65288	-0.0016777922
52.69194	-0.0016645774
52.731	-0.0016508661
52.77006	-0.0016366598
52.80912	-0.0016219625
52.84818	-0.0016067765
52.88724	-0.001591105
52.9263	-0.0015749495
52.96536	-0.0015583137
53.00442	-0.0015412012
53.04348	-0.001523616
53.08254	-0.0015055613
53.1216	-0.0014870416
53.16066	-0.0014680618
53.19972	-0.0014486277
53.23878	-0.0014287414
53.27784	-0.0014084095
53.3169	-0.0013876377
53.35596	-0.001366432
53.39502	-0.0013447996
53.43408	-0.0013227495
53.47314	-0.0013002881
53.5122	-0.0012774231
53.55126	-0.0012541639
53.59032	-0.0012305163
53.62938	-0.001206488
53.66844	-0.0011820885
53.7075	-0.0011573237
53.74656	-0.0011322059
53.78562	-0.0011067414
53.82468	-0.0010809379
53.86374	-0.0010548083
53.9028	-0.0010283597
53.94186	-0.0010016037
53.98092	-9.7454859E-4
54.01998	-9.4720576E-4
54.05904	-9.1958262E-4
54.0981	-8.9168685E-4
54.13716	-8.6352789E-4
54.17622	-8.3511398E-4
54.21528	-8.06452E-4
54.25434	-7.7754972E-4
54.2934	-7.4841534E-4
54.33246	-7.1905481E-4
54.37152	-6.8947845E-4
54.41058	-6.5969564E-4
54.44964	-6.2971294E-4
54.4887	-5.9954354E-4
54.52776	-5.6919379E-4
54.56682	-5.3867474E-4
54.60588	-5.0799963E-4
54.64494	-4.7717762E-4
54.684	-4.462227E-4
54.72306	-4.1514721E-4
54.76212	-3.8396296E-4
54.80118	-3.5268511E-4
54.84024	-3.2132443E-4
54.8793	-2.8989687E-4
54.91836	-2.5841562E-4
54.95742	-2.2689496E-4
54.99648	-1.9535026E-4
55.03554	-1.6379486E-4
55.0746	-1.3224024E-4
55.11366	-1.007012E-4
55.15272	-6.9190553E-5
55.19178	-3.7716738E-5
55.23084	-6.2943213E-6
55.2699	2.5069339E-5
55.30896	5.6360211E-5
55.34802	8.7570051E-5
55.38708	1.1868749E-4
55.42614	1.4970552E-4
55.4652	1.8061449E-4
55.50426	2.114087E-4
55.54332	2.4207795E-4
55.58238	2.7261601E-4
55.62144	3.0301592E-4
55.6605	3.3326992E-4
55.69956	3.6337072E-4
55.73862	3.9330987E-4
55.77768	4.2308107E-4
55.81674	4.5267776E-4
55.8558	4.8209291E-4
55.89486	5.1132136E-4
55.93392	5.403565E-4
55.97298	5.6919663E-4
56.01204	5.9783659E-4
56.0511	6.2626777E-4
56.09016	6.5448667E-4
56.12922	6.8248773E-4
56.16828	7.1026387E-4
56.20734	7.3780612E-4
56.2464	7.6510797E-4
56.28546	7.9216196E-4
56.32452	8.1896034E-4
56.36358	8.4549784E-4
56.40264	8.7176768E-4
56.4417	8.9776475E-4
56.48076	9.2348264E-4
56.51982	9.4891604E-4
56.55888	9.7405937E-4
56.59794	9.989057E-4
56.637	0.0010234503
56.67606	0.0010476887
56.71512	0.0010716143
56.75418	0.0010952213
56.79324	0.001118505
56.8323	0.0011414609
56.87136	0.001164082
56.91042	0.0011863668
56.94948	0.0012083091
56.98854	0.0012299082
57.0276	0.0012511608
57.06666	0.001272065
57.10572	0.0012926198
57.14478	0.0013128238
57.18384	0.0013326773
57.2229	0.0013521781
57.26196	0.0013713273
57.30102	0.0013901229
57.34008	0.0014085654
57.37914	0.0014266509
57.4182	0.0014443767
57.45726	0.0014617383
57.49632	0.0014787312
57.53538	0.0014953521
57.57444	0.0015115953
57.6135	0.0015274571
57.65256	0.0015429312
57.69162	0.0015580114
57.73068	0.0015726906
57.76974	0.0015869648
57.8088	0.0016008278
57.84786	0.0016142733
57.88692	0.0016272977
57.92598	0.0016398949
57.96504	0.0016520613
58.0041	0.0016637907
58.04316	0.0016750823
58.08222	0.0016859311
58.12128	0.0016963319
58.16034	0.0017062802
58.1994	0.001715771
58.23846	0.0017248004
58.27752	0.0017333652
58.31658	0.0017414625
58.35564	0.0017490894
58.3947	0.0017562444
58.43376	0.0017629253
58.47282	0.0017691301
58.51188	0.0017748571
58.55094	0.0017801055
58.59	0.0017848724
58.62906	0.0017891564
58.66812	0.0017929539
58.70718	0.0017962625
58.74624	0.0017990803
58.7853	0.0018014054
58.82436	0.0018032353
58.86342	0.0018045695
58.90248	0.0018054063
58.94154	0.001805743
58.9806	0.0018055783
59.01966	0.0018049112
59.05872	0.0018037375
59.09778	0.0018020599
59.13684	0.0017998731
59.1759	0.001797178
59.21496	0.0017939706
59.25402	0.0017902516
59.29308	0.0017860204
59.33214	0.0017812754
59.3712	0.0017760165
59.41026	0.0017702467
59.44932	0.0017639683
59.48838	0.0017571823
59.52744	0.0017498919
59.5665	0.0017421002
59.60556	0.0017338087
59.64462	0.0017250216
59.68368	0.0017157418
59.72274	0.0017059732
59.7618	0.0016957175
59.80086	0.0016849815
59.83992	0.0016737704
59.87898	0.0016620884
59.91804	0.0016499438
59.9571	0.0016373386
59.99616	0.0016242793
60.03522	0.001610767
60.07428	0.0015968079
60.11334	0.0015824049
60.1524	0.0015675649
60.19146	0.0015522907
60.23052	0.0015365872
60.26958	0.0015204604
60.30864	0.0015039128
60.3477	0.0014869484
60.38676	0.0014695718
60.42582	0.0014517869
60.46488	0.0014335966
60.50394	0.0014150044
60.543	0.0013960134
60.58206	0.001376628
60.62112	0.0013568486
60.66018	0.0013366797
60.69924	0.0013161249
60.7383	0.0012951889
60.77736	0.0012738749
60.81642	0.0012521894
60.85548	0.0012301391
60.89454	0.0012077304
60.9336	0.0011849727
60.97266	0.0011618738
61.01172	0.0011384434
61.05078	0.0011146895
61.08984	0.0010906217
61.1289	0.0010662487
61.16796	0.0010415769
61.20702	0.0010166167
61.24608	9.913779E-4
61.28514	9.6587011E-4
61.3242	9.4010422E-4
61.36326	9.1408936E-4
61.40232	8.8783705E-4
61.44138	8.6135698E-4
61.48044	8.3465961E-4
61.5195	8.0775566E-4
61.55856	7.8065279E-4
61.59762	7.5336456E-4
61.63668	7.2589784E-4
61.67574	6.9826362E-4
61.7148	6.7047036E-4
61.75386	6.4252575E-4
61.79292	6.1444121E-4
61.83198	5.8622319E-4
61.87104	5.5788257E-4
61.9101	5.2942526E-4
61.94916	5.0086219E-4
61.98822	4.7220438E-4
62.02728	4.43461E-4
62.06634	4.1464469E-4
62.1054	3.8576634E-4
62.14446	3.5683752E-4
62.18352	3.2786592E-4
62.22258	2.9886283E-4
62.26164	2.6983755E-4
62.3007	2.4079537E-4
62.33976	2.117442E-4
62.37882	1.8269247E-4
62.41788	1.5364713E-4
62.45694	1.2461681E-4
62.496	9.5612043E-5
62.53506	6.6642319E-5
62.57412	3.7714723E-5
62.61318	8.8355532E-6
62.65224	-1.9986872E-5
62.6913	-4.8744936E-5
62.73036	-7.7432532E-5
62.76942	-1.0604102E-4
62.80848	-1.3456276E-4
62.84754	-1.6299071E-4
62.8866	-1.913181E-4
62.92566	-2.1953587E-4
62.96472	-2.4763724E-4
63.00378	-2.7561489E-4
63.04284	-3.0346193E-4
63.0819	-3.3117179E-4
63.12096	-3.587366E-4
63.16002	-3.8615011E-4
63.19908	-4.134056E-4
63.23814	-4.4049587E-4
63.2772	-4.6741546E-4
63.31626	-4.9415588E-4
63.35532	-5.207107E-4
63.39438	-5.4707278E-4
63.43344	-5.7323654E-4
63.4725	-5.9919653E-4
63.51156	-6.2494714E-4
63.55062	-6.5048196E-4
63.58968	-6.7579725E-4
63.62874	-7.00887E-4
63.6678	-7.2574649E-4
63.70686	-7.5036877E-4
63.74592	-7.7475319E-4
63.78498	-7.9889149E-4
63.82404	-8.2278098E-4
63.8631	-8.4641901E-4
63.90216	-8.6980192E-4
63.94122	-8.9292652E-4
63.98028	-9.1579335E-4
64.01934	-9.3840003E-4
64.0584	-9.6074645E-4
64.09746	-9.8283014E-4
64.13652	-0.0010046494
64.17558	-0.001026203
64.21464	-0.0010474907
64.2537	-0.00106851
64.29276	-0.0010892603
64.33182	-0.0011097398
64.37088	-0.0011299471
64.40994	-0.0011498778
64.449	-0.0011695303
64.48806	-0.0011889028
64.52712	-0.0012079919
64.56618	-0.0012267946
64.60524	-0.0012453085
64.6443	-0.0012635291
64.68336	-0.0012814509
64.72242	-0.001299069
64.76148	-0.0013163801
64.80054	-0.0013333787
64.8396	-0.0013500584
64.87866	-0.0013664155
64.91772	-0.0013824445
64.95678	-0.0013981368
64.99584	-0.0014134895
65.0349	-0.0014284936
65.07396	-0.0014431459
65.11302	-0.0014574392
65.15208	-0.0014713694
65.19114	-0.0014849304
65.2302	-0.0014981166
65.26926	-0.0015109257
65.30832	-0.0015233506
65.34738	-0.0015353886
65.38644	-0.0015470369
65.4255	-0.0015582925
65.46456	-0.0015691526
65.50362	-0.0015796146
65.54268	-0.001589674
65.58174	-0.0015993286
65.6208	-0.0016085743
65.65986	-0.0016174057
65.69892	-0.001625819
65.73798	-0.0016338094
65.77704	-0.0016413713
65.8161	-0.0016484994
65.85516	-0.0016551889
65.89422	-0.0016614341
65.93328	-0.0016672251
65.97234	-0.0016725602
66.0114	-0.0016774301
66.05046	-0.0016818317
66.08952	-0.0016857586
66.12858	-0.0016892068
66.16764	-0.001692171
66.2067	-0.0016946475
66.24576	-0.0016966321
66.28482	-0.0016981216
66.32388	-0.0016991099
66.36294	-0.0016995982
66.402	-0.001699578
66.44106	-0.0016990492
66.48012	-0.0016980082
66.51918	-0.0016964534
66.55824	-0.0016943845
66.5973	-0.0016918008
66.63636	-0.0016887049
66.67542	-0.0016850954
66.71448	-0.001680975
66.75354	-0.0016763448
66.7926	-0.0016712067
66.83166	-0.0016655623
66.87072	-0.0016594164
66.90978	-0.0016527692
66.94884	-0.0016456252
66.9879	-0.0016379888
67.02696	-0.0016298612
67.06602	-0.0016212456
67.10508	-0.0016121473
67.14414	-0.0016025667
67.1832	-0.0015925103
67.22226	-0.001581979
67.26132	-0.001570977
67.30038	-0.0015595077
67.33944	-0.0015475762
67.3785	-0.0015351881
67.41756	-0.0015223455
67.45662	-0.0015090545
67.49568	-0.0014953183
67.53474	-0.0014811391
67.5738	-0.0014665215
67.61286	-0.0014514687
67.65192	-0.0014359817
67.69098	-0.0014200656
67.73004	-0.0014037214
67.7691	-0.0013869533
67.80816	-0.0013697649
67.84722	-0.0013521593
67.88628	-0.0013341435
67.92534	-0.0013157218
67.9644	-0.0012969007
68.00346	-0.0012776862
68.04252	-0.0012580877
68.08158	-0.0012381106
68.12064	-0.0012177634
68.1597	-0.0011970531
68.19876	-0.0011759863
68.23782	-0.0011545747
68.27688	-0.0011328253
68.31594	-0.0011107473
68.355	-0.0010883501
68.39406	-0.0010656426
68.43312	-0.0010426332
68.47218	-0.0010193335
68.51124	-9.957509E-4
68.5503	-9.7189697E-4
68.58936	-9.4778088E-4
68.62842	-9.2341483E-4
68.66748	-8.9880822E-4
68.70654	-8.7397517E-4
68.7456	-8.4892459E-4
68.78466	-8.2366594E-4
68.82372	-7.9820867E-4
68.86278	-7.7256291E-4
68.90184	-7.4673526E-4
68.9409	-7.207346E-4
68.97996	-6.945673E-4
69.01902	-6.6824098E-4
69.05808	-6.417614E-4
69.09714	-6.151376E-4
69.1362	-5.8837506E-4
69.17526	-5.6148134E-4
69.21432	-5.3446332E-4
69.25338	-5.0732602E-4
69.29244	-4.8007539E-4
69.3315	-4.527186E-4
69.37056	-4.2526123E-4
69.40962	-3.9771233E-4
69.44868	-3.7007799E-4
69.48774	-3.4236749E-4
69.5268	-3.1458777E-4
69.56586	-2.8674634E-4
69.60492	-2.5884977E-4
69.64398	-2.309048E-4
69.68304	-2.02919E-4
69.7221	-1.748986E-4
69.76116	-1.4685219E-4
69.80022	-1.1878638E-4
69.83928	-9.0707494E-5
69.87834	-6.2622709E-5
69.9174	-3.4537581E-5
69.95646	-6.4561234E-6
69.99552	2.1615802E-5
70.03458	4.9674636E-5
70.07364	7.771544E-5
70.1127	1.0573256E-4
70.15176	1.3372142E-4
70.19082	1.6167533E-4
70.22988	1.8958483E-4
70.26894	2.1744634E-4
70.308	2.4525131E-4
70.34706	2.7299225E-4
70.38612	3.0066391E-4
70.42518	3.2825903E-4
70.46424	3.5576699E-4
70.5033	3.831833E-4
70.54236	4.1049982E-4
70.58142	4.3771137E-4
70.62048	4.6481059E-4
70.65954	4.9179356E-4
70.6986	5.1865004E-4
70.73766	5.4537177E-4
70.77672	5.7195232E-4
70.81578	5.9838364E-4
70.85484	6.2465806E-4
70.8939	6.507697E-4
70.93296	6.7670995E-4
70.97202	7.0247252E-4
71.01108	7.2804996E-4
71.05014	7.5343375E-4
71.0892	7.7861893E-4
71.12826	8.0359564E-4
71.16732	8.2835502E-4
71.20638	8.5289191E-4
71.24544	8.7719774E-4
71.2845	9.0126564E-4
71.32356	9.2509078E-4
71.36262	9.4866749E-4
71.40168	9.7199139E-4
71.44074	9.9505673E-4
71.4798	0.0010178601
71.51886	0.0010403974
71.55792	0.0010626625
71.59698	0.0010846496
71.63604	0.0011063538
71.6751	0.0011277702
71.71416	0.0011488924
71.75322	0.0011697157
71.79228	0.0011902328
71.83134	0.0012104404
71.8704	0.0012303341
71.90946	0.0012499066
71.94852	0.0012691556
71.98758	0.0012880749
72.02664	0.00130666
72.0657	0.0013249052
72.10476	0.0013428059
72.14382	0.0013603563
72.18288	0.0013775509
72.22194	0.0013943834
72.261	0.0014108489
72.30006	0.0014269408
72.33912	0.0014426521
72.37818	0.0014579771
72.41724	0.0014729108
72.4563	0.0014874478
72.49536	0.0015015815
72.53442	0.0015153087
72.57348	0.0015286242
72.61254	0.0015415263
72.6516	0.0015540102
72.69066	0.0015660769
72.72972	0.0015777237
72.76878	0.0015889477
72.80784	0.0015997487
72.8469	0.0016101262
72.88596	0.0016200777
72.92502	0.0016296045
72.96408	0.0016387027
73.00314	0.0016473735
73.0422	0.0016556151
73.08126	0.0016634273
73.12032	0.0016708108
73.15938	0.0016777635
73.19844	0.0016842854
73.2375	0.0016903763
73.27656	0.0016960353
73.31562	0.0017012637
73.35468	0.0017060596
73.39374	0.0017104228
73.4328	0.0017143509
73.47186	0.0017178434
73.51092	0.0017208983
73.54998	0.0017235148
73.58904	0.0017256919
73.6281	0.0017274285
73.66716	0.0017287245
73.70622	0.0017295795
73.74528	0.0017299938
73.78434	0.0017299668
73.8234	0.0017294983
73.86246	0.0017285883
73.90152	0.0017272382
73.94058	0.0017254452
73.97964	0.0017232105
74.0187	0.001720533
74.05776	0.001717411
74.09682	0.0017138441
74.13588	0.0017098328
74.17494	0.001705378
74.214	0.0017004786
74.25306	0.0016951364
74.29212	0.0016893504
74.33118	0.0016831214
74.37024	0.0016764499
74.4093	0.0016693364
74.44836	0.0016617806
74.48742	0.0016537812
74.52648	0.0016453409
74.56554	0.0016364597
74.6046	0.0016271387
74.64366	0.0016173787
74.68272	0.0016071796
74.72178	0.0015965405
74.76084	0.0015854661
74.7999	0.0015739552
74.83896	0.0015620091
74.87802	0.0015496296
74.91708	0.0015368175
74.95614	0.0015235777
74.9952	0.001509914
75.03426	0.0014958301
75.07332	0.0014813295
75.11238	0.0014664179
75.15144	0.0014510985
75.1905	0.0014353765
75.22956	0.0014192566
75.26862	0.0014027443
75.30768	0.0013858414
75.34674	0.0013685532
75.3858	0.001350884
75.42486	0.0013328377
75.46392	0.0013144172
75.50298	0.0012956291
75.54204	0.0012764749
75.5811	0.0012569598
75.62016	0.0012370871
75.65922	0.0012168631
75.69828	0.0011962899
75.73734	0.001175374
75.7764	0.0011541176
75.81546	0.001132526
75.85452	0.0011106023
75.89358	0.0010883526
75.93264	0.0010657797
75.9717	0.0010428903
76.01076	0.0010196885
76.04982	9.961794E-4
76.08888	9.7236628E-4
76.12794	9.482555E-4
76.167	9.238528E-4
76.20606	8.9916597E-4
76.24512	8.7420045E-4
76.28418	8.4896506E-4
76.32324	8.2346944E-4
76.3623	7.9772024E-4
76.40136	7.7172607E-4
76.44042	7.454925E-4
76.47948	7.190253E-4
76.51854	6.9233117E-4
76.5576	6.6541916E-4
76.59666	6.3829732E-4
76.63572	6.1097932E-4
76.67478	5.8347284E-4
76.71384	5.5579139E-4
76.7529	5.2794464E-4
76.79196	4.999429E-4
76.83102	4.7180044E-4
76.87008	4.4352837E-4
76.90914	4.1513758E-4
76.9482	3.8664295E-4
76.98726	3.5805394E-4
77.02632	3.2938491E-4
77.06538	3.0064697E-4
77.10444	2.7185362E-4
77.1435	2.4301493E-4
77.18256	2.1414206E-4
77.22162	1.8524687E-4
77.26068	1.5633775E-4
77.29974	1.2742753E-4
77.3388	9.8525426E-5
77.37786	6.9643149E-5
77.41692	4.0792191E-5
77.45598	1.1981787E-5
77.49504	-1.6776383E-5
77.5341	-4.5473723E-5
77.57316	-7.4098936E-5
77.61222	-1.0264193E-4
77.65128	-1.3109145E-4
77.69034	-1.5943823E-4
77.7294	-1.8767296E-4
77.76846	-2.157851E-4
77.80752	-2.4376676E-4
77.84658	-2.7160731E-4
77.88564	-2.9929812E-4
77.9247	-3.268325E-4
77.96376	-3.5420375E-4
78.00282	-3.8140685E-4
78.04188	-4.0843808E-4
78.08094	-4.3529092E-4
78.12	-4.6196184E-4
78.15906	-4.8844782E-4
78.19812	-5.1474247E-4
78.23718	-5.4084159E-4
78.27624	-5.6673965E-4
78.3153	-5.9243123E-4
78.35436	-6.1790702E-4
78.39342	-6.4316536E-4
78.43248	-6.6819492E-4
78.47154	-6.9299136E-4
78.5106	-7.1754754E-4
78.54966	-7.4185709E-4
78.58872	-7.65914E-4
78.62778	-7.8971346E-4
78.66684	-8.1325206E-4
78.7059	-8.3652494E-4
78.74496	-8.5952558E-4
78.78402	-8.8225142E-4
78.82308	-9.0469921E-4
78.86214	-9.2686354E-4
78.9012	-9.4874088E-4
78.94026	-9.703269E-4
78.97932	-9.9161707E-4
79.01838	-0.0010126065
79.05744	-0.0010332906
79.0965	-0.0010536631
79.13556	-0.00107372
79.17462	-0.0010934554
79.21368	-0.0011128628
79.25274	-0.0011319383
79.2918	-0.0011506759
79.33086	-0.0011690735
79.36992	-0.0011871281
79.40898	-0.0012048379
79.44804	-0.0012222005
79.4871	-0.0012392131
79.52616	-0.0012558723
79.56522	-0.0012721757
79.60428	-0.0012881205
79.64334	-0.0013037041
79.6824	-0.0013189246
79.72146	-0.0013337795
79.76052	-0.0013482681
79.79958	-0.0013623892
79.83864	-0.0013761421
79.8777	-0.0013895255
79.91676	-0.0014025388
79.95582	-0.0014151813
79.99488	-0.0014274527
80.03394	-0.0014393497
80.073	-0.0014508689
80.11206	-0.0014620075
80.15112	-0.0014727601
80.19018	-0.0014831214
80.22924	-0.0014930879
80.2683	-0.0015026544
80.30736	-0.0015118189
80.34642	-0.0015205753
80.38548	-0.0015289208
80.42454	-0.0015368503
80.4636	-0.0015443622
80.50266	-0.0015514501
80.54172	-0.0015581119
80.58078	-0.0015643426
80.61984	-0.0015701375
80.6589	-0.0015754941
80.69796	-0.0015804079
80.73702	-0.0015848751
80.77608	-0.0015888958
80.81514	-0.0015924669
80.8542	-0.0015955855
80.89326	-0.0015982507
80.93232	-0.0016004609
80.97138	-0.0016022154
81.01044	-0.0016035148
81.0495	-0.0016043584
81.08856	-0.0016047458
81.12762	-0.001604676
81.16668	-0.001604149
81.20574	-0.001603164
81.2448	-0.0016017198
81.28386	-0.0015998178
81.32292	-0.001597459
81.36198	-0.0015946454
81.40104	-0.0015913797
81.4401	-0.0015876643
81.47916	-0.0015835048
81.51822	-0.0015789054
81.55728	-0.0015738668
81.59634	-0.001568394
81.6354	-0.0015624912
81.67446	-0.0015561606
81.71352	-0.0015494074
81.75258	-0.001542237
81.79164	-0.0015346502
81.8307	-0.0015266522
81.86976	-0.0015182463
81.90882	-0.0015094347
81.94788	-0.0015002216
81.98694	-0.0014906094
82.026	-0.0014805992
82.06506	-0.001470194
82.10412	-0.0014593947
82.14318	-0.0014482023
82.18224	-0.0014366191
82.2213	-0.0014246454
82.26036	-0.0014122809
82.29942	-0.0013995266
82.33848	-0.0013863826
82.37754	-0.0013728491
82.4166	-0.0013589259
82.45566	-0.0013446117
82.49472	-0.00132991
82.53378	-0.0013148194
82.57284	-0.0012993439
82.6119	-0.0012834857
82.65096	-0.0012672479
82.69002	-0.0012506333
82.72908	-0.0012336465
82.76814	-0.0012162902
82.8072	-0.0011985662
82.84626	-0.0011804807
82.88532	-0.0011620373
82.92438	-0.0011432418
82.96344	-0.0011240954
83.0025	-0.001104607
83.04156	-0.0010847802
83.08062	-0.001064621
83.11968	-0.0010441358
83.15874	-0.0010233313
83.1978	-0.001002213
83.23686	-9.8078658E-4
83.27592	-9.5905364E-4
83.31498	-9.3701814E-4
83.35404	-9.1468793E-4
83.3931	-8.9206392E-4
83.43216	-8.6915449E-4
83.47122	-8.4596394E-4
83.51028	-8.2249804E-4
83.54934	-7.9876429E-4
83.5884	-7.7476962E-4
83.62746	-7.5052098E-4
83.66652	-7.2602409E-4
83.70558	-7.012874E-4
83.74464	-6.76317E-4
83.7837	-6.5111717E-4
83.82276	-6.2569615E-4
83.86182	-6.0006083E-4
83.90088	-5.7421707E-4
83.93994	-5.481737E-4
83.979	-5.2193966E-4
84.01806	-4.9552037E-4
84.05712	-4.6892739E-4
84.09618	-4.4216695E-4
84.13524	-4.1524934E-4
84.1743	-3.8818348E-4
84.21336	-3.6098056E-4
84.25242	-3.3364677E-4
84.29148	-3.06193E-4
84.33054	-2.7862905E-4
84.3696	-2.5096315E-4
84.40866	-2.2320523E-4
84.44772	-1.9536402E-4
84.48678	-1.6744994E-4
84.52584	-1.3947309E-4
84.5649	-1.1144352E-4
84.60396	-8.3370985E-5
84.64302	-5.5262536E-5
84.68208	-2.712767E-5
84.72114	1.0259723E-6
84.7602	2.918838E-5
84.79926	5.7350783E-5
84.83832	8.5502617E-5
84.87738	1.1363689E-4
84.91644	1.4174276E-4
84.9555	1.6981103E-4
84.99456	1.9782899E-4
85.03362	2.2578852E-4
85.07268	2.5367826E-4
85.11174	2.8148437E-4
85.1508	3.0920021E-4
85.18986	3.3681249E-4
85.22892	3.6431038E-4
85.26798	3.9168583E-4
85.30704	4.1892759E-4
85.3461	4.4602733E-4
85.38516	4.7297548E-4
85.42422	4.9976042E-4
85.46328	5.2637527E-4
85.50234	5.5281104E-4
85.5414	5.7905866E-4
85.58046	6.0510956E-4
85.61952	6.3095187E-4
85.65858	6.5657656E-4
85.69764	6.8197137E-4
85.7367	7.0713016E-4
85.77576	7.320416E-4
85.81482	7.5669753E-4
85.85388	7.8109259E-4
85.89294	8.0521947E-4
85.932	8.2906964E-4
85.97106	8.5263851E-4
86.01012	8.7591484E-4
86.04918	8.9889389E-4
86.08824	9.2156651E-4
86.1273	9.4392557E-4
86.16636	9.6596292E-4
86.20542	9.8767103E-4
86.24448	0.0010090442
86.28354	0.0010300755
86.3226	0.0010507564
86.36166	0.0010710832
86.40072	0.0010910485
86.43978	0.0011106486
86.47884	0.0011298739
86.5179	0.0011487227
86.55696	0.0011671878
86.59602	0.0011852675
86.63508	0.0012029559
86.67414	0.0012202497
86.7132	0.001237148
86.75226	0.0012536463
86.79132	0.0012697412
86.83038	0.0012854293
86.86944	0.0013007082
86.9085	0.0013155747
86.94756	0.0013300289
86.98662	0.0013440676
87.02568	0.0013576902
87.06474	0.0013708949
87.1038	0.0013836823
87.14286	0.0013960507
87.18192	0.0014080031
87.22098	0.0014195377
87.26004	0.001430659
87.2991	0.001441368
87.33816	0.0014516708
87.37722	0.0014615704
87.41628	0.0014710694
87.45534	0.0014801725
87.4944	0.0014888831
87.53346	0.0014972031
87.57252	0.0015051313
87.61158	0.0015126696
87.65064	0.0015198177
87.6897	0.0015265747
87.72876	0.0015329412
87.76782	0.0015389169
87.80688	0.0015445027
87.84594	0.0015496968
87.885	0.001554499
87.92406	0.0015589101
87.96312	0.0015629287
88.00218	0.0015665558
88.04124	0.0015697917
88.0803	0.0015726367
88.11936	0.0015750919
88.15842	0.0015771589
88.19748	0.001578837
88.23654	0.0015801254
88.2756	0.0015810261
88.31466	0.0015815389
88.35372	0.0015816622
88.39278	0.0015813979
88.43184	0.0015807453
88.4709	0.0015797063
88.50996	0.001578282
88.54902	0.001576476
88.58808	0.0015742888
88.62714	0.001571723
88.6662	0.0015687815
88.70526	0.001565468
88.74432	0.0015617846
88.78338	0.0015577337
88.82244	0.0015533169
88.8615	0.0015485388
88.90056	0.0015433995
88.93962	0.0015379014
88.97868	0.0015320453
89.01774	0.0015258331
89.0568	0.0015192687
89.09586	0.0015123534
89.13492	0.00150509
89.17398	0.0014974811
89.21304	0.0014895279
89.2521	0.0014812341
89.29116	0.0014726008
89.33022	0.0014636282
89.36928	0.0014543176
89.40834	0.0014446672
89.4474	0.0014346773
89.48646	0.0014243465
89.52552	0.0014136738
89.56458	0.0014026588
89.60364	0.0013913016
89.6427	0.0013796027
89.68176	0.0013675633
89.72082	0.0013551846
89.75988	0.0013424678
89.79894	0.0013294134
89.838	0.0013160236
89.87706	0.0013023006
89.91612	0.0012882479
89.95518	0.0012738678
89.99424	0.0012591643
90.0333	0.0012441416
90.07236	0.0012288008
90.11142	0.0012131475
90.15048	0.001197182
90.18954	0.0011809065
90.2286	0.0011643235
90.26766	0.0011474359
90.30672	0.0011302426
90.34578	0.0011127464
90.38484	0.0010949474
90.4239	0.0010768468
90.46296	0.0010584462
90.50202	0.0010397476
90.54108	0.0010207523
90.58014	0.0010014625
90.6192	9.81883E-4
90.65826	9.6201668E-4
90.69732	9.4186886E-4
90.73638	9.214414E-4
90.77544	9.0073725E-4
90.8145	8.7975926E-4
90.85356	8.5850943E-4
90.89262	8.3699108E-4
90.93168	8.1520749E-4
90.97074	7.9316211E-4
91.0098	7.708599E-4
91.04886	7.4830444E-4
91.08792	7.2550193E-4
91.12698	7.0245534E-4
91.16604	6.7917154E-4
91.2051	6.5565676E-4
91.24416	6.3191873E-4
91.28322	6.0796664E-4
91.32228	5.8380596E-4
91.36134	5.5944567E-4
91.4004	5.3489483E-4
91.43946	5.1016171E-4
91.47852	4.8525573E-4
91.51758	4.6018619E-4
91.55664	4.3496236E-4
91.5957	4.0959129E-4
91.63476	3.8408385E-4
91.67382	3.5844959E-4
91.71288	3.3269614E-4
91.75194	3.0683372E-4
91.791	2.808725E-4
91.83006	2.5482421E-4
91.86912	2.287007E-4
91.90818	2.0251186E-4
91.94724	1.7627034E-4
91.9863	1.4998594E-4
92.02536	1.2367016E-4
92.06442	9.7331735E-5
92.10348	7.0981385E-5
92.14254	4.4629683E-5
92.1816	1.8287702E-5
92.22066	-8.0378383E-6
92.25972	-3.4333979E-5
92.29878	-6.0592915E-5
92.33784	-8.6804383E-5
92.3769	-1.1295938E-4
92.41596	-1.3904823E-4
92.45502	-1.6506206E-4
92.49408	-1.9099053E-4
92.53314	-2.1682518E-4
92.5722	-2.4255799E-4
92.61126	-2.6817842E-4
92.65032	-2.9367871E-4
92.68938	-3.1904907E-4
92.72844	-3.442825E-4
92.7675	-3.6936805E-4
92.80656	-3.9429889E-4
92.84562	-4.1906844E-4
92.88468	-4.4366803E-4
92.92374	-4.6809133E-4
92.9628	-4.9233E-4
93.00186	-5.1637701E-4
93.04092	-5.4022313E-4
93.07998	-5.638616E-4
93.11904	-5.872829E-4
93.1581	-6.1048017E-4
93.19716	-6.334446E-4
93.23622	-6.5616805E-4
93.27528	-6.7864079E-4
93.31434	-7.0085545E-4
93.3534	-7.2280296E-4
93.39246	-7.4447475E-4
93.43152	-7.6586549E-4
93.47058	-7.8696927E-4
93.50964	-8.0777924E-4
93.5487	-8.2829066E-4
93.58776	-8.4849673E-4
93.62682	-8.6839523E-4
93.66588	-8.8797934E-4
93.70494	-9.0724818E-4
93.744	-9.2619768E-4
93.78306	-9.4482488E-4
93.82212	-9.631273E-4
93.86118	-9.8110134E-4
93.90024	-9.9874554E-4
93.9393	-0.0010160571
93.97836	-0.0010330335
94.01742	-0.0010496747
94.05648	-0.001065978
94.09554	-0.0010819405
94.1346	-0.0010975616
94.17366	-0.0011128417
94.21272	-0.0011277769
94.25178	-0.0011423697
94.29084	-0.001156617
94.3299	-0.0011705199
94.36896	-0.0011840743
94.40802	-0.0011972794
94.44708	-0.0012101315
94.48614	-0.0012226295
94.5252	-0.0012347698
94.56426	-0.0012465513
94.60332	-0.0012579693
94.64238	-0.001269024
94.68144	-0.0012797145
94.7205	-0.0012900415
94.75956	-0.0013000029
94.79862	-0.0013096001
94.83768	-0.00131883
94.87674	-0.0013276904
94.9158	-0.0013361813
94.95486	-0.0013442999
94.99392	-0.0013520488
95.03298	-0.0013594243
95.07204	-0.0013664282
95.1111	-0.001373062
95.15016	-0.0013793248
95.18922	-0.001385218
95.22828	-0.0013907389
95.26734	-0.0013958915
95.3064	-0.0014006754
95.34546	-0.0014050922
95.38452	-0.0014091436
95.42358	-0.0014128287
95.46264	-0.0014161491
95.5017	-0.0014191076
95.54076	-0.0014217064
95.57982	-0.0014239482
95.61888	-0.0014258352
95.65794	-0.0014273695
95.697	-0.0014285523
95.73606	-0.0014293858
95.77512	-0.0014298703
95.81418	-0.0014300079
95.85324	-0.0014297996
95.8923	-0.0014292434
95.93136	-0.0014283421
95.97042	-0.0014270948
96.00948	-0.0014255004
96.04854	-0.0014235577
96.0876	-0.0014212643
96.12666	-0.0014186193
96.16572	-0.001415621
96.20478	-0.0014122673
96.24384	-0.0014085559
96.2829	-0.0014044845
96.32196	-0.0014000512
96.36102	-0.0013952535
96.40008	-0.0013900904
96.43914	-0.0013845586
96.4782	-0.0013786564
96.51726	-0.0013723813
96.55632	-0.0013657319
96.59538	-0.0013587069
96.63444	-0.0013513038
96.6735	-0.0013435229
96.71256	-0.0013353635
96.75162	-0.0013268275
96.79068	-0.0013179147
96.82974	-0.0013086283
96.8688	-0.0012989666
96.90786	-0.0012889344
96.94692	-0.0012785315
96.98598	-0.0012677607
97.02504	-0.0012566247
97.0641	-0.0012451268
97.10316	-0.0012332718
97.14222	-0.0012210608
97.18128	-0.0012085017
97.22034	-0.0011955995
97.2594	-0.0011823593
97.29846	-0.0011687913
97.33752	-0.001154898
97.37658	-0.0011406887
97.41564	-0.0011261683
97.4547	-0.001111341
97.49376	-0.0010962113
97.53282	-0.0010807839
97.57188	-0.0010650637
97.61094	-0.0010490552
97.65	-0.001032763
97.68906	-0.0010161937
97.72812	-9.9934794E-4
97.76718	-9.8223311E-4
97.80624	-9.64853E-4
97.8453	-9.4721079E-4
97.88436	-9.2931145E-4
97.92342	-9.1115751E-4
97.96248	-8.9275577E-4
98.00154	-8.7410981E-4
98.0406	-8.5522323E-4
98.07966	-8.3610005E-4
98.11872	-8.1674414E-4
98.15778	-7.9715698E-4
98.19684	-7.7734328E-4
98.2359	-7.5730471E-4
98.27496	-7.3704548E-4
98.31402	-7.165708E-4
98.35308	-6.958833E-4
98.39214	-6.7499092E-4
98.4312	-6.5389531E-4
98.47026	-6.3260404E-4
98.50932	-6.1112337E-4
98.54838	-5.8945835E-4
98.58744	-5.6761504E-4
98.6265	-5.4559942E-4
98.66556	-5.234172E-4
98.70462	-5.0107588E-4
98.74368	-4.7857683E-4
98.78274	-4.5592865E-4
98.8218	-4.3313763E-4
98.86086	-4.1021039E-4
98.89992	-3.8715423E-4
98.93898	-3.6397781E-4
98.97804	-3.4068599E-4
99.0171	-3.1728777E-4
99.05616	-2.937885E-4
99.09522	-2.7019528E-4
99.13428	-2.465151E-4
99.17334	-2.2275535E-4
99.2124	-1.9892272E-4
99.25146	-1.7502601E-4
99.29052	-1.5107078E-4
99.32958	-1.2706404E-4
99.36864	-1.0300997E-4
99.4077	-7.8915253E-5
99.44676	-5.4785451E-5
99.48582	-3.0625826E-5
99.52488	-6.4401179E-6
99.56394	1.7764857E-5
99.603	4.1983258E-5
99.64206	6.6210439E-5
99.68112	9.0439735E-5
99.72018	1.1466615E-4
99.75924	1.3888384E-4
99.7983	1.630878E-4
99.83736	1.8727117E-4
99.87642	2.1142671E-4
99.91548	2.3554491E-4
99.95454	2.5961882E-4
99.9936	2.8364001E-4
100.03266	3.0759897E-4
100.07172	3.3148819E-4
100.11078	3.5530264E-4
100.14984	3.7903046E-4
100.1889	4.026679E-4
100.22796	4.2620459E-4
100.26702	4.4963442E-4
100.30608	4.7295051E-4
100.34514	4.9614497E-4
100.3842	5.1921234E-4
100.42326	5.4214781E-4
100.46232	5.6494268E-4
100.50138	5.875902E-4
100.54044	6.1008331E-4
100.5795	6.324163E-4
100.61856	6.5458058E-4
100.65762	6.7656783E-4
100.69668	6.9837243E-4
100.73574	7.1998599E-4
100.7748	7.4140297E-4
100.81386	7.6261756E-4
100.85292	7.8362301E-4
100.89198	8.0441333E-4
100.93104	8.2498123E-4
100.9701	8.453193E-4
101.00916	8.6542095E-4
101.04822	8.8527957E-4
101.08728	9.0488787E-4
101.12634	9.2423991E-4
101.1654	9.4332972E-4
101.20446	9.621513E-4
101.24352	9.8069754E-4
101.28258	9.9896135E-4
101.32164	0.0010169348
101.3607	0.0010346111
101.39976	0.0010519855
101.43882	0.0010690512
101.47788	0.001085803
101.51694	0.001102235
101.556	0.0011183416
101.59506	0.0011341177
101.63412	0.0011495594
101.67318	0.0011646621
101.71224	0.0011794212
101.7513	0.0011938338
101.79036	0.0012078953
101.82942	0.0012216024
101.86848	0.0012349543
101.90754	0.0012479487
101.9466	0.0012605807
101.98566	0.0012728523
102.02472	0.0012847588
102.06378	0.0012962974
102.10284	0.0013074651
102.1419	0.0013182579
102.18096	0.0013286719
102.22002	0.0013387042
102.25908	0.0013483518
102.29814	0.0013576103
102.3372	0.0013664759
102.37626	0.0013749469
102.41532	0.0013830196
102.45438	0.0013906912
102.49344	0.001397961
102.5325	0.001404826
102.57156	0.0014112854
102.61062	0.0014173357
102.64968	0.0014229773
102.68874	0.0014282077
102.7278	0.0014330269
102.76686	0.0014374322
102.80592	0.0014414236
102.84498	0.0014449988
102.88404	0.0014481556
102.9231	0.0014508912
102.96216	0.0014532036
103.00122	0.0014550902
103.04028	0.0014565508
103.07934	0.0014575831
103.1184	0.0014581853
103.15746	0.0014583555
103.19652	0.0014580932
103.23558	0.0014573969
103.27464	0.0014562625
103.3137	0.0014546906
103.35276	0.0014526781
103.39182	0.0014502265
103.43088	0.0014473338
103.46994	0.0014440031
103.509	0.0014402351
103.54806	0.0014360335
103.58712	0.0014313985
103.62618	0.0014263335
103.66524	0.0014208399
103.7043	0.0014149195
103.74336	0.0014085777
103.78242	0.0014018146
103.82148	0.0013946373
103.86054	0.0013870487
103.8996	0.0013790553
103.93866	0.0013706609
103.97772	0.001361872
104.01678	0.0013526916
104.05584	0.0013431255
104.0949	0.001333178
104.13396	0.001322853
104.17302	0.0013121554
104.21208	0.0013010871
104.25114	0.0012896508
104.2902	0.0012778486
104.32926	0.0012656832
104.36832	0.0012531571
104.40738	0.0012402757
104.44644	0.0012270433
104.4855	0.0012134626
104.52456	0.0011995398
104.56362	0.0011852778
104.60268	0.001170682
104.64174	0.0011557573
104.6808	0.0011405069
104.71986	0.0011249385
104.75892	0.0011090563
104.79798	0.0010928639
104.83704	0.0010763693
104.8761	0.0010595769
104.91516	0.0010424931
104.95422	0.0010251227
104.99328	0.0010074725
105.03234	9.8954768E-4
105.0714	9.7135503E-4
105.11046	9.5290099E-4
105.14952	9.3419074E-4
105.18858	9.1522928E-4
105.22764	8.9602175E-4
105.2667	8.7657376E-4
105.30576	8.5689041E-4
105.34482	8.369797E-4
105.38388	8.1684274E-4
105.42294	7.9648653E-4
105.462	7.7591466E-4
105.50106	7.5513351E-4
105.54012	7.3414901E-4
105.57918	7.1296524E-4
105.61824	6.9158951E-4
105.6573	6.7002727E-4
105.69636	6.4828305E-4
105.73542	6.2636769E-4
105.77448	6.0428484E-4
105.81354	5.8204084E-4
105.8526	5.5964179E-4
105.89166	5.3709143E-4
105.93072	5.1439569E-4
105.96978	4.9155822E-4
106.00884	4.6858497E-4
106.0479	4.4548206E-4
106.08696	4.2225487E-4
106.12602	3.9891053E-4
106.16508	3.7545431E-4
106.20414	3.5189359E-4
106.2432	3.2823712E-4
106.28226	3.0449159E-4
106.32132	2.8066669E-4
106.36038	2.5676854E-4
106.39944	2.3280582E-4
106.4385	2.0878618E-4
106.47756	1.8471557E-4
106.51662	1.6060144E-4
106.55568	1.3645174E-4
106.59474	1.1227184E-4
106.6338	8.8068421E-5
106.67286	6.3848823E-5
106.71192	3.9620572E-5
106.75098	1.53894E-5
106.79004	-8.8382532E-6
106.8291	-3.3053706E-5
106.86816	-5.7250515E-5
106.90722	-8.1422256E-5
106.94628	-1.0556042E-4
106.98534	-1.2965779E-4
107.0244	-1.5370638E-4
107.06346	-1.7769983E-4
107.10252	-2.0162857E-4
107.14158	-2.254853E-4
107.18064	-2.4926257E-4
107.2197	-2.7295045E-4
107.25876	-2.965414E-4
107.29782	-3.2002581E-4
107.33688	-3.4339126E-4
107.37594	-3.6662787E-4
107.415	-3.8972432E-4
107.45406	-4.1266702E-4
107.49312	-4.3544751E-4
107.53218	-4.5805102E-4
107.57124	-4.8046874E-4
107.6103	-5.0268736E-4
107.64936	-5.2469551E-4
107.68842	-5.4648386E-4
107.72748	-5.6804121E-4
107.76654	-5.8936021E-4
107.8056	-6.1043317E-4
107.84466	-6.3125211E-4
107.88372	-6.5181253E-4
107.92278	-6.7210903E-4
107.96184	-6.9213459E-4
108.0009	-7.1188453E-4
108.03996	-7.3135157E-4
108.07902	-7.5053007E-4
108.11808	-7.6941522E-4
108.15714	-7.8799936E-4
108.1962	-8.0627704E-4
108.23526	-8.2424202E-4
108.27432	-8.4188794E-4
108.31338	-8.5920822E-4
108.35244	-8.7619703E-4
108.3915	-8.9284718E-4
108.43056	-9.0915499E-4
108.46962	-9.2511377E-4
108.50868	-9.4072002E-4
108.54774	-9.559696E-4
108.5868	-9.7085877E-4
108.62586	-9.8538309E-4
108.66492	-9.9954164E-4
108.70398	-0.001013332
108.74304	-0.0010267533
108.7821	-0.0010398068
108.82116	-0.0010524888
108.86022	-0.0010648017
108.89928	-0.0010767435
108.93834	-0.001088315
108.9774	-0.001099518
109.01646	-0.0011103506
109.05552	-0.0011208158
109.09458	-0.001130912
109.13364	-0.0011406414
109.1727	-0.0011500056
109.21176	-0.0011590051
109.25082	-0.0011676421
109.28988	-0.0011759158
109.32894	-0.0011838255
109.368	-0.001191373
109.40706	-0.0011985567
109.44612	-0.0012053783
109.48518	-0.0012118386
109.52424	-0.001217938
109.5633	-0.0012236776
109.60236	-0.0012290595
109.64142	-0.0012340874
109.68048	-0.001238765
109.71954	-0.0012430941
109.7586	-0.001247079
109.79766	-0.0012507215
109.83672	-0.0012540263
109.87578	-0.0012569971
109.91484	-0.0012596386
109.9539	-0.001261955
109.99296	-0.0012639529
110.03202	-0.0012656345
110.07108	-0.0012670072
110.11014	-0.0012680733
110.1492	-0.0012688372
110.18826	-0.0012693025
110.22732	-0.0012694703
110.26638	-0.0012693423
110.30544	-0.0012689213
110.3445	-0.0012682076
110.38356	-0.0012672043
110.42262	-0.0012659124
110.46168	-0.0012643335
110.50074	-0.0012624687
110.5398	-0.0012603173
110.57886	-0.0012578787
110.61792	-0.0012551533
110.65698	-0.0012521397
110.69604	-0.0012488405
110.7351	-0.0012452543
110.77416	-0.0012413847
110.81322	-0.0012372317
110.85228	-0.0012327955
110.89134	-0.0012280805
110.9304	-0.0012230846
110.96946	-0.0012178096
111.00852	-0.001212258
111.04758	-0.0012064288
111.08664	-0.0012003237
111.1257	-0.0011939434
111.16476	-0.001187289
111.20382	-0.0011803594
111.24288	-0.0011731572
111.28194	-0.0011656811
111.321	-0.0011579331
111.36006	-0.0011499139
111.39912	-0.0011416234
111.43818	-0.0011330645
111.47724	-0.0011242381
111.5163	-0.0011151457
111.55536	-0.0011057909
111.59442	-0.0010961724
111.63348	-0.0010862926
111.67254	-0.0010761524
111.7116	-0.0010657543
111.75066	-0.0010550991
111.78972	-0.0010441901
111.82878	-0.0010330304
111.86784	-0.0010216222
111.9069	-0.0010099696
111.94596	-9.9807548E-4
111.98502	-9.8594258E-4
112.02408	-9.7357639E-4
112.06314	-9.6097879E-4
112.1022	-9.4815265E-4
112.14126	-9.3510184E-4
112.18032	-9.218313E-4
112.21938	-9.0834058E-4
112.25844	-8.946336E-4
112.2975	-8.8071097E-4
112.33656	-8.6657702E-4
112.37562	-8.5223299E-4
112.41468	-8.3768434E-4
112.45374	-8.22933E-4
112.4928	-8.0798378E-4
112.53186	-7.9284074E-4
112.57092	-7.7750447E-4
112.60998	-7.619799E-4
112.64904	-7.4626846E-4
112.6881	-7.3036934E-4
112.72716	-7.1428489E-4
112.76622	-6.9801363E-4
112.80528	-6.8155761E-4
112.84434	-6.6491504E-4
112.8834	-6.4809076E-4
112.92246	-6.3108383E-4
112.96152	-6.138986E-4
113.00058	-5.9653828E-4
113.03964	-5.790062E-4
113.0787	-5.6130757E-4
113.11776	-5.4344674E-4
113.15682	-5.2542794E-4
113.19588	-5.0725385E-4
113.23494	-4.8893117E-4
113.274	-4.7046496E-4
113.31306	-4.5185825E-4
113.35212	-4.3311603E-4
113.39118	-4.1424338E-4
113.43024	-3.9524469E-4
113.4693	-3.7612483E-4
113.50836	-3.5688636E-4
113.54742	-3.3753568E-4
113.58648	-3.1807623E-4
113.62554	-2.9851126E-4
113.6646	-2.7884519E-4
113.70366	-2.5907939E-4
113.74272	-2.3921895E-4
113.78178	-2.1926874E-4
113.82084	-1.9923318E-4
113.8599	-1.7911614E-4
113.89896	-1.5892272E-4
113.93802	-1.3865578E-4
113.97708	-1.1832226E-4
114.01614	-9.7926539E-5
114.0552	-7.7472698E-5
114.09426	-5.6966798E-5
114.13332	-3.6413485E-5
114.17238	-1.581807E-5
114.21144	4.8154796E-6
114.2505	2.5482453E-5
114.28956	4.61771E-5
114.32862	6.6896957E-5
114.36768	8.7635251E-5
114.40674	1.0839003E-4
114.4458	1.2915631E-4
114.48486	1.4993129E-4
114.52392	1.7071061E-4
114.56298	1.9149056E-4
114.60204	2.1227083E-4
114.6411	2.3304902E-4
114.68016	2.5382433E-4
114.71922	2.7459637E-4
114.75828	2.9536455E-4
114.79734	3.1612969E-4
114.8364	3.3689003E-4
114.87546	3.576461E-4
114.91452	3.7839597E-4
114.95358	3.991401E-4
114.99264	4.1987701E-4
115.0317	4.4060725E-4
115.07076	4.6132959E-4
115.10982	4.8204194E-4
115.14888	5.027455E-4
115.18794	5.2343899E-4
115.227	5.4412174E-4
115.26606	5.6479423E-4
115.30512	5.8545445E-4
115.34418	6.0610052E-4
115.38324	6.2672834E-4
115.4223	6.4733546E-4
115.46136	6.6791978E-4
115.50042	6.8847888E-4
115.53948	7.0900935E-4
115.57854	7.2950905E-4
115.6176	
115.65666	
115.69572	
115.73478	
115.77384	
115.8129	
115.85196	
115.89102	
115.93008	
115.96914	
